0	4
0.0185920370000000	3.70354680000000
0.0214582890000000	3.65308760000000
0.0246232710000000	3.60000090000000
0.0280079360000000	3.54686100000000
0.0316087900000000	3.49487920000000
0.0354255030000000	3.44516090000000
0.0394576500000000	3.39871300000000
0.0437048100000000	3.35640070000000
0.0481665060000000	3.31890750000000
0.0528422220000000	3.28670670000000
0.0577314650000000	3.26004000000000
0.0628337000000000	3.23890760000000
0.0681483700000000	3.22306750000000
0.0736748800000000	3.21204660000000
0.0794126300000000	3.20516090000000
0.0853610040000000	3.20154600000000
0.0915193400000000	3.20019460000000
0.0978869600000000	3.20000000000000
0.104463160000000	3.19980550000000
0.111247234000000	3.19845410000000
0.118238430000000	3.19483920000000
0.125435980000000	3.18795350000000
0.132839100000000	3.17693260000000
0.140446980000000	3.16109250000000
0.148258760000000	3.13996000000000
0.156273660000000	3.11329320000000
0.164490700000000	3.08109240000000
0.172909020000000	3.04359910000000
0.181527720000000	3.00128700000000
0.190345820000000	2.95483950000000
0.199362370000000	2.90512100000000
0.208576380000000	2.85313920000000
0.217986840000000	2.80000040000000
0.227592720000000	2.74686170000000
0.237392960000000	2.69488000000000
0.247386500000000	2.64516140000000
0.257572230000000	2.59871390000000
0.267949010000000	2.55640150000000
0.278515760000000	2.51890830000000
0.289271300000000	2.48670720000000
0.300214400000000	2.46004060000000
0.311343900000000	2.43890790000000
0.322658630000000	2.42306780000000
0.334157260000000	2.41204670000000
0.345838580000000	2.40516100000000
0.357701300000000	2.40154600000000
0.369744100000000	2.40019440000000
0.381965700000000	2.39999990000000
0.394364700000000	2.39980550000000
0.406939800000000	2.39845400000000
0.419689600000000	2.39483930000000
0.432612700000000	2.38795380000000
0.445707680000000	2.37693290000000
0.458973080000000	2.36109280000000
0.472407500000000	2.33996060000000
0.486009420000000	2.31329400000000
0.499777380000000	2.28109340000000
0.513709840000000	2.24360040000000
0.527805300000000	2.20128820000000
0.542062200000000	2.15484070000000
0.556479000000000	2.10512260000000
0.571054040000000	2.05314060000000
0.585785870000000	2.00000200000000
0.600672660000000	1.94686350000000
0.615712940000000	1.89488160000000
0.630905030000000	1.84516300000000
0.646247300000000	1.79871520000000
0.661738040000000	1.75640270000000
0.677375500000000	1.71890950000000
0.693158000000000	1.68670830000000
0.709083800000000	1.66004150000000
0.725151200000000	1.63890870000000
0.741358340000000	1.62306830000000
0.757703540000000	1.61204720000000
0.774184940000000	1.60516120000000
0.790800800000000	1.60154630000000
0.807549300000000	1.60019470000000
0.824428500000000	1.60000030000000
0.841436600000000	1.59980560000000
0.858571800000000	1.59845440000000
0.875832200000000	1.59483960000000
0.893215840000000	1.58795420000000
0.910720800000000	1.57693340000000
0.928345260000000	1.56109360000000
0.946087240000000	1.53996130000000
0.963944800000000	1.51329500000000
0.981915950000000	1.48109460000000
0.999998750000000	1.44360170000000
0.00465342300000000	3.95088220000000
0.0417509600000000	3.37504000000000
0.0459819500000000	3.33640340000000
0.0505496100000000	3.30162980000000
0.0553355300000000	3.27226570000000
0.0603346150000000	3.24846700000000
0.0655464600000000	3.23010700000000
0.0709703860000000	3.21682380000000
0.0766058600000000	3.20803200000000
0.0824522450000000	3.20295000000000
0.0885089200000000	3.20063500000000
0.0947752000000000	3.20002220000000
0.101250480000000	3.19997330000000
0.107933916000000	3.19932480000000
0.114824840000000	3.19694000000000
0.121922490000000	3.19175700000000
0.129226090000000	3.18283720000000
0.136734840000000	3.16940500000000
0.144447940000000	3.15088200000000
0.152364460000000	3.12691240000000
0.160483640000000	3.09737780000000
0.168804540000000	3.06240420000000
0.177326250000000	3.02235440000000
0.186047840000000	2.97781300000000
0.194968360000000	2.92956160000000
0.204086800000000	2.87854360000000
0.213402200000000	2.82582280000000
0.222913500000000	2.77253840000000
0.232619690000000	2.71985360000000
0.242519690000000	2.66890530000000
0.252612400000000	2.62075470000000
0.262896780000000	2.57634120000000
0.273371670000000	2.53644000000000
0.284035860000000	2.50162960000000
0.294888200000000	2.47226600000000
0.305927540000000	2.44846700000000
0.317152680000000	2.43010760000000
0.328562350000000	2.41682400000000
0.340155300000000	2.40803200000000
0.351930260000000	2.40295000000000
0.363885970000000	2.40063480000000
0.376021100000000	2.40002230000000
0.388334300000000	2.39997340000000
0.400824250000000	2.39932500000000
0.413489550000000	2.39694000000000
0.426328840000000	2.39175720000000
0.439340700000000	2.38283750000000
0.452523700000000	2.36940550000000
0.465876430000000	2.35088250000000
0.479397360000000	2.32691300000000
0.493085060000000	2.29737880000000
0.506938000000000	2.26240520000000
0.520954670000000	2.22235540000000
0.535133540000000	2.17781400000000
0.549473000000000	2.12956290000000
0.563971600000000	2.07854460000000
0.578627650000000	2.02582430000000
0.593439500000000	1.97253970000000
0.608405700000000	1.91985490000000
0.623524400000000	1.86890640000000
0.638794200000000	1.82075610000000
0.654213130000000	1.77634230000000
0.669779700000000	1.73644100000000
0.685492160000000	1.70163050000000
0.701348700000000	1.67226680000000
0.717347700000000	1.64846780000000
0.733487370000000	1.63010800000000
0.749765900000000	1.61682440000000
0.766181500000000	1.60803230000000
0.782732500000000	1.60295020000000
0.799416900000000	1.60063520000000
0.816233000000000	1.60002230000000
0.833178900000000	1.59997360000000
0.850252750000000	1.59932520000000
0.867452700000000	1.59694030000000
0.884776830000000	1.59175740000000
0.902223200000000	1.58283800000000
0.919790000000000	1.56940600000000
0.937475300000000	1.55088330000000
0.955277140000000	1.52691380000000
0.973193470000000	1.49737970000000
0.991222440000000	1.46240630000000
1.00936200000000	1.42235650000000
1.02761020000000	1.37781550000000
1.04596510000000	1.32956420000000
1.06442450000000	1.27854630000000
1.08298660000000	1.22582570000000
1.10164920000000	1.17254100000000
1.12041030000000	1.11985620000000
0.00537178940000000	3.93994830000000
0.0438412400000000	3.35515100000000
0.0481730850000000	3.31885720000000
0.0528444460000000	3.28669300000000
0.0577338750000000	3.26002860000000
0.0628362150000000	3.23889880000000
0.132842800000000	3.17692600000000
0.140450760000000	3.16108350000000
0.148262650000000	3.13994840000000
0.156277610000000	3.11327890000000
0.164494750000000	3.08107540000000
0.172913180000000	3.04357980000000
0.181531970000000	3.00126550000000
0.190350160000000	2.95481600000000
0.199366810000000	2.90509630000000
0.208580910000000	2.85311370000000
0.217991470000000	2.79997470000000
0.227597450000000	2.74683620000000
0.237397790000000	2.69485520000000
0.247391420000000	2.64513800000000
0.257577240000000	2.59869220000000
0.267954100000000	2.55638200000000
0.278520940000000	2.51889130000000
0.289276570000000	2.48669310000000
0.300219770000000	2.46002910000000
0.311349400000000	2.43889900000000
0.322664170000000	2.42306140000000
0.432619040000000	2.38794950000000
0.445714100000000	2.37692640000000
0.458979600000000	2.36108400000000
0.472414080000000	2.33994900000000
0.486016100000000	2.31327990000000
0.499784140000000	2.28107640000000
0.513716700000000	2.24358100000000
0.527812240000000	2.20126650000000
0.542069200000000	2.15481730000000
0.556486070000000	2.10509750000000
0.571061200000000	2.05311510000000
0.585793100000000	1.99997600000000
0.600680000000000	1.94683770000000
0.615720400000000	1.89485650000000
0.630912540000000	1.84513930000000
0.646254900000000	1.79869340000000
0.661745670000000	1.75638310000000
0.677383200000000	1.71889230000000
0.693165800000000	1.68669390000000
0.709091660000000	1.66002980000000
0.725159100000000	1.63889970000000
0.741366300000000	1.62306180000000
0.757711600000000	1.61204280000000
0.774193100000000	1.60515870000000
0.875840660000000	1.59483700000000
0.893224360000000	1.58794980000000
0.910729470000000	1.57692700000000
0.928353970000000	1.56108450000000
0.946096000000000	1.53994970000000
0.963953600000000	1.51328060000000
0.981924830000000	1.48107740000000
1.00000790000000	1.44358170000000
1.01820040000000	1.40126740000000
1.03650060000000	1.35481820000000
1.05490640000000	1.30509850000000
1.07341590000000	1.25311600000000
1.09202700000000	1.19997690000000
1.11073770000000	1.14683850000000
1.12954580000000	1.09485750000000
0.00616532100000000	3.92732400000000
0.0460464470000000	3.33586360000000
0.0504820940000000	3.30209400000000
0.0552600550000000	3.27267670000000
0.0602559450000000	3.24879200000000
0.0654644700000000	3.23035050000000
0.0708851300000000	3.21699290000000
0.0765173360000000	3.20813700000000
0.0823605360000000	3.20300480000000
0.0884139700000000	3.20065470000000
0.0946770300000000	3.20002440000000
0.101149030000000	3.19997570000000
0.107829260000000	3.19934540000000
0.114716990000000	3.19699530000000
0.121811460000000	3.19186300000000
0.129111890000000	3.18300720000000
0.136617500000000	3.16964960000000
0.144327430000000	3.15120840000000
0.152240860000000	3.12732400000000
0.160356950000000	3.09787500000000
0.168674770000000	3.06298300000000
0.177193390000000	3.02300740000000
0.185911900000000	2.97853000000000
0.194829340000000	2.93032900000000
0.203944760000000	2.87934570000000
0.213257120000000	2.82664280000000
0.222765420000000	2.77335830000000
0.232468600000000	2.72065540000000
0.242365630000000	2.66967200000000
0.252455400000000	2.62147100000000
0.262736800000000	2.57699320000000
0.273208700000000	2.53701760000000
0.283870000000000	2.50212550000000
0.294719460000000	2.47267650000000
0.305755940000000	2.44879200000000
0.316978220000000	2.43035080000000
0.328385030000000	2.41699300000000
0.339975180000000	2.40813700000000
0.351747330000000	2.40300460000000
0.363700270000000	2.40065480000000
0.375832650000000	2.40002420000000
0.388143120000000	2.39997550000000
0.400630330000000	2.39934520000000
0.413292940000000	2.39699530000000
0.426129580000000	2.39186300000000
0.439138800000000	2.38300750000000
0.452319180000000	2.36965000000000
0.465669270000000	2.35120900000000
0.479187600000000	2.32732460000000
0.492872740000000	2.29787600000000
0.506723170000000	2.26298400000000
0.520737300000000	2.22300860000000
0.534913660000000	2.17853120000000
0.549250700000000	2.13033030000000
0.563746800000000	2.07934700000000
0.578400500000000	2.02664420000000
0.593209900000000	1.97336010000000
0.608173700000000	1.92065690000000
0.623290100000000	1.86967360000000
0.638557550000000	1.82147240000000
0.653974240000000	1.77699480000000
0.669538500000000	1.73701900000000
0.685248730000000	1.70212660000000
0.701103100000000	1.67267740000000
0.717099900000000	1.64879290000000
0.733237400000000	1.63035130000000
0.749513800000000	1.61699350000000
0.765927300000000	1.60813750000000
0.782476200000000	1.60300520000000
0.799158600000000	1.60065500000000
0.815972600000000	1.60002460000000
0.832916560000000	1.59997580000000
0.849988460000000	1.59934560000000
0.867186500000000	1.59699560000000
0.884508670000000	1.59186360000000
0.901953300000000	1.58300800000000
0.919518230000000	1.56965070000000
0.937201700000000	1.55120970000000
0.955001700000000	1.52732570000000
0.972916300000000	1.49787710000000
0.990943550000000	1.46298540000000
1.00908160000000	1.42300980000000
1.02732810000000	1.37853240000000
1.04568140000000	1.33033170000000
1.06413920000000	1.27934840000000
1.08269970000000	1.22664560000000
1.10136080000000	1.17336100000000
1.12012040000000	1.12065780000000
1.13897660000000	1.06967450000000
0.00701428400000000	3.91329310000000
0.0483074100000000	3.31783410000000
0.0528467970000000	3.28667860000000
1.01819130000000	1.40128930000000
1.03649150000000	1.35484200000000
1.05489730000000	1.30512360000000
1.07340670000000	1.25314200000000
1.09201780000000	1.20000310000000
1.11072840000000	1.14686450000000
1.12953650000000	1.09488250000000
1.14844010000000	1.04516400000000
0.00791787100000000	3.89787480000000
0.0506218400000000	3.30113480000000
0.0552648860000000	3.27265050000000
1.15792700000000	1.02147320000000
0.00887607100000000	3.88109230000000
0.0529897140000000	3.28580160000000
0.0577362900000000	3.26001700000000
1.16743710000000	0.998716060000000
0.00988885950000000	3.86298300000000
0.0554109660000000	3.27185680000000
0.0602609180000000	3.24877120000000
1.17697000000000	0.976995500000000
0.0109562080000000	3.84359900000000
0.0578855300000000	3.25930700000000
0.0628387260000000	3.23889000000000
1.18652530000000	0.956403600000000
0.0120780970000000	3.82300690000000
0.0604133400000000	3.24814320000000
0.0654696450000000	3.23033520000000
1.19610310000000	0.937019600000000
0.0132544760000000	3.80128650000000
0.0629943160000000	3.23834230000000
0.0681536000000000	3.22305460000000
1.20570300000000	0.918909800000000
0.0144853220000000	3.77852940000000
0.0656284000000000	3.22986530000000
0.0708905160000000	3.21698210000000
1.21532450000000	0.902126970000000
0.0157706030000000	3.75483900000000
0.0683155700000000	3.22265890000000
0.0736803200000000	3.21203800000000
1.22496760000000	0.886708700000000
0.0171102800000000	3.73032830000000
0.0710556500000000	3.21665600000000
0.0765229300000000	3.20813040000000
1.23463190000000	0.872677700000000
0.0185043220000000	3.70512060000000
0.0738486050000000	3.21177650000000
0.0794182800000000	3.20515580000000
1.24431720000000	0.860041740000000
0.0199526870000000	3.67934510000000
0.0766943700000000	3.20792770000000
1.25402320000000	0.848793100000000
0.0214553340000000	3.65313860000000
0.0795928700000000	3.20500540000000
1.26374960000000	0.838908900000000
0.0230122250000000	3.62664220000000
0.0825440100000000	3.20289590000000
1.27349630000000	0.830351600000000
0.0855477150000000	3.20147600000000
1.28326280000000	0.823068560000000
0.0262885630000000	3.57335760000000
0.0886039140000000	3.20061540000000
1.29304900000000	0.816993600000000
0.0917125100000000	3.20017720000000
1.30285470000000	0.812047200000000
0.0297813400000000	3.52065470000000
0.0948734300000000	3.20002030000000
1.31267930000000	0.808137660000000
0.0980865700000000	3.20000000000000
1.32252290000000	0.805161360000000
0.0334901740000000	3.46967150000000
0.101351860000000	3.19997100000000
1.33238500000000	0.803005100000000
0.104669200000000	3.19978710000000
1.34226540000000	0.801546300000000
0.0374146550000000	3.42147040000000
0.108038500000000	3.19930400000000
0.114723740000000	3.19699200000000
1.35216380000000	0.800655070000000
0.111459665000000	3.19838200000000
0.118245280000000	3.19483420000000
1.36208000000000	0.800194800000000
0.0415543760000000	3.37699270000000
0.114932610000000	3.19688400000000
0.121818410000000	3.19185640000000
1.37201370000000	0.800024500000000
0.118457235000000	3.19468070000000
0.125443030000000	3.18794510000000
1.38196460000000	0.800000300000000
0.0459088420000000	3.33701700000000
0.122033440000000	3.19165020000000
0.129119040000000	3.18299670000000
1.39193250000000	0.799975930000000
0.125661130000000	3.18767950000000
1.40191700000000	0.799805700000000
0.0504775980000000	3.30212520000000
0.129340220000000	3.18266630000000
0.136624840000000	3.16963430000000
1.41191790000000	0.799345500000000
0.133070570000000	3.17651920000000
0.140454410000000	3.16107460000000
1.42193500000000	0.798454460000000
0.136852120000000	3.16915940000000
0.144334970000000	3.15118810000000
1.43196790000000	0.796995760000000
0.140684750000000	3.16052200000000
0.148266400000000	3.13993700000000
1.44201640000000	0.794839700000000
0.144568340000000	3.15055470000000
0.152248640000000	3.12729800000000
1.45208010000000	0.791863600000000
0.148502810000000	3.13922120000000
0.156281500000000	3.11326480000000
1.46215890000000	0.787954330000000
0.152488010000000	3.12649970000000
0.160364900000000	3.09784400000000
1.47225240000000	0.783008200000000
0.156523880000000	3.11238310000000
0.164498730000000	3.08105870000000
1.48236040000000	0.776933550000000
0.160610290000000	3.09688000000000
0.168682890000000	3.06294680000000
1.49248250000000	0.769650800000000
0.164747130000000	3.08001420000000
0.172917250000000	3.04356050000000
1.50261870000000	0.761093740000000
0.168934300000000	3.06182480000000
0.177201700000000	3.02296660000000
1.51276840000000	0.751210000000000
0.173171650000000	3.04236440000000
0.181536140000000	3.00124400000000
1.52293160000000	0.739961600000000
0.177459090000000	3.02170060000000
0.185920420000000	2.97848500000000
1.53310780000000	0.727326040000000
0.181796500000000	2.99991350000000
0.190354420000000	2.95479270000000
1.54329670000000	0.713295340000000
0.186183750000000	2.97709580000000
0.194838060000000	2.93028100000000
1.55349810000000	0.697877400000000
0.190620740000000	2.95335150000000
0.199371170000000	2.90507170000000
1.56371190000000	0.681094940000000
0.195107330000000	2.92879440000000
0.203953650000000	2.87929530000000
1.57393770000000	0.662985700000000
0.199643390000000	2.90354750000000
0.208585370000000	2.85308840000000
1.58417500000000	0.643602130000000
0.204228820000000	2.87774180000000
0.213266210000000	2.82659150000000
1.59442380000000	0.623010500000000
0.208863470000000	2.85151310000000
0.217996020000000	2.79994900000000
1.60468360000000	0.601290300000000
0.213547230000000	2.82500360000000
0.222774700000000	2.77330680000000
1.61495440000000	0.578533200000000
0.218279970000000	2.79835700000000
0.227602100000000	2.74681070000000
1.62523570000000	0.554842800000000
0.223061550000000	2.77171950000000
0.232478080000000	2.72060510000000
1.63552730000000	0.530332500000000
0.227891850000000	2.74523690000000
0.237402510000000	2.69483070000000
1.64582880000000	0.505124700000000
0.232770740000000	2.71905280000000
0.242375280000000	2.66962390000000
1.65614010000000	0.479349260000000
0.237698060000000	2.69330860000000
0.247396230000000	2.64511500000000
1.66646080000000	0.453142900000000
0.242673710000000	2.66814000000000
0.252465250000000	2.62142590000000
1.67679060000000	0.426646560000000
0.247697530000000	2.64367650000000
0.257582160000000	2.59867070000000
1.68712940000000	0.400004330000000
0.252769400000000	2.62004020000000
0.262746840000000	2.57695250000000
1.69747660000000	0.373361860000000
0.257889180000000	2.59734420000000
0.267959120000000	2.55636290000000
1.70783220000000	0.346865420000000
0.263056700000000	2.57569070000000
0.273218930000000	2.53698130000000
1.71819580000000	0.320658980000000
0.268271830000000	2.55517130000000
0.278526070000000	2.51887440000000
1.72856710000000	0.294883600000000
0.273534480000000	2.53586400000000
0.283880380000000	2.50209430000000
1.73894580000000	0.269675370000000
0.278844420000000	2.51783510000000
0.289281760000000	2.48667880000000
1.74933170000000	0.245164840000000
0.284201560000000	2.50113560000000
0.294730040000000	2.47265080000000
1.75972450000000	0.221474230000000
0.289605740000000	2.48580240000000
0.300225050000000	2.46001740000000
1.77012380000000	0.198717030000000
0.295056820000000	2.47185750000000
0.305766670000000	2.44877170000000
1.78052950000000	0.176996320000000
0.300554630000000	2.45930740000000
0.311354760000000	2.43889020000000
1.79094120000000	0.156404320000000
0.306099030000000	2.44814400000000
0.316989120000000	2.43033550000000
1.80135860000000	0.137020380000000
0.311689850000000	2.43834280000000
0.322669630000000	2.42305500000000
1.81178150000000	0.118910745000000
0.317327000000000	2.42986580000000
0.328396140000000	2.41698220000000
1.82220950000000	0.102127890000000
0.323010270000000	2.42265940000000
0.334168460000000	2.41203800000000
1.83264240000000	0.0867095140000000
0.328739500000000	2.41665650000000
0.339986440000000	2.40813040000000
1.84307990000000	0.0726784800000000
0.334514530000000	2.41177680000000
0.345849960000000	2.40515600000000
1.85352170000000	0.0600424400000000
0.340335250000000	2.40792800000000
0.351758800000000	2.40300130000000
1.86396750000000	0.0487937200000000
0.346201480000000	2.40500570000000
0.357712840000000	2.40154360000000
1.87441710000000	0.0389095020000000
0.352113000000000	2.40289620000000
0.363711900000000	2.40065340000000
1.88487000000000	0.0303519820000000
0.358069750000000	2.40147640000000
0.369755830000000	2.40019400000000
1.89532610000000	0.0230689720000000
0.364071500000000	2.40061550000000
0.375844450000000	2.40002420000000
1.90578510000000	0.0169939620000000
0.370118080000000	2.40017720000000
0.381977600000000	2.39999990000000
1.91624680000000	0.0120473500000000
0.376209380000000	2.40002040000000
0.388155070000000	2.39997530000000
1.92671060000000	0.00813774800000000
0.382345170000000	2.40000000000000
0.394376780000000	2.39980480000000
1.93717650000000	0.00516162070000000
0.388525300000000	2.39997100000000
0.400642480000000	2.39934400000000
1.94764410000000	0.00300506500000000
0.394749640000000	2.39978720000000
0.406952050000000	2.39845180000000
1.95811320000000	0.00154643130000000
0.401017960000000	2.39930440000000
0.413305280000000	2.39699170000000
1.96858330000000	0.000654771900000000
0.407330160000000	2.39838220000000
0.419702000000000	2.39483430000000
1.97905450000000	0.000194670630000000
0.413685980000000	2.39688420000000
0.426142070000000	2.39185640000000
1.98952600000000	2.46362760000000e-05
0.420085300000000	2.39468100000000
0.432625260000000	2.38794520000000
1.99999800000000	-3.81303380000000e-08